Version 0.9.7
7
 4 0 240 77 128 0 1
 5 435 19 206 81 2 2
 0 228 181 877 276 8 3
 3 454 489 203 58 140 4
 1 226 49 206 81 149 5
 1 215 477 206 81 169 7
 6 739 33 449 130 189 9
 0
43
 255 5 61 254 61 254 61 195 61 195 281 195 281 195 0 1 0 3
 255 5 61 267 61 267 61 429 61 429 281 429 281 429 0 1 0 3
 0 5 61 340 61 340 102 340 102 208 281 208 281 208 0 1 0 3
 0 5 61 353 61 353 110 353 110 442 281 442 281 442 0 1 0 3
 0 5 230 546 230 546 153 546 153 458 294 458 294 442 0 7 0 3
 0 5 465 526 465 526 465 442 465 442 541 442 541 442 0 4 0 3
 0 5 515 442 515 442 515 442 515 390 515 390 515 390 0 3 0 3
 0 5 241 118 241 118 294 118 294 118 294 208 294 208 0 5 0 3
 0 5 918 390 918 390 918 390 918 442 918 442 918 442 0 3 0 3
 255 5 230 488 230 488 307 488 307 488 307 429 307 429 0 7 0 3
 255 5 372 195 372 195 372 195 372 247 372 247 372 247 0 3 0 3
 255 5 755 60 755 60 510 60 510 155 645 155 645 195 0 9 0 3
 16776960 5 415 60 415 18 138 18 138 351 372 351 372 351 0 5 0 3
 16776960 5 396 60 396 31 166 31 166 221 398 221 398 247 0 5 0 3
 16776960 5 377 73 377 43 188 43 188 211 424 211 424 247 0 5 0 3
 16776960 5 358 86 358 80 206 80 206 157 450 157 450 247 0 5 0 3
 8388863 5 271 488 271 488 271 254 437 254 437 286 437 286 0 7 0 3
 8388863 5 290 488 290 488 279 488 279 266 411 266 411 286 0 7 0 3
 8388863 5 309 488 309 469 286 469 286 286 385 286 385 286 0 7 0 3
 8388863 5 328 488 328 488 328 351 328 351 385 351 385 351 0 7 0 3
 255 5 827 247 827 247 827 247 827 195 827 195 827 195 0 3 0 3
 16711680 5 840 247 840 247 840 156 840 156 1153 156 1153 156 0 3 0 9
 16711680 5 853 247 853 247 853 189 1166 189 1166 156 1166 156 0 3 0 9
 16711680 5 866 247 866 247 866 156 866 156 1088 156 1088 156 0 3 0 9
 16711680 5 879 247 879 247 879 156 879 156 1101 156 1101 156 0 3 0 9
 16711680 5 892 247 892 247 892 156 892 156 1114 156 1114 156 0 3 0 9
 16711680 5 905 247 905 247 905 173 1127 173 1127 156 1127 156 0 3 0 9
 16711680 5 918 247 918 247 918 205 1140 205 1140 156 1140 156 0 3 0 9
 33023 5 463 351 463 324 149 324 149 52 282 52 282 60 0 3 0 5
 33023 5 450 351 450 351 199 351 199 7 301 7 301 60 0 3 0 5
 33023 5 892 351 892 351 892 286 892 286 515 286 515 286 0 3 0 3
 33023 5 476 351 476 351 476 397 913 397 913 351 905 351 0 3 0 3
 33023 5 489 351 489 351 489 383 827 383 827 351 827 351 0 3 0 3
 33023 5 502 351 502 351 502 370 840 370 840 351 840 351 0 3 0 3
 12615935 5 640 533 640 533 640 545 905 545 905 390 905 390 0 4 0 3
 12615935 5 620 533 622 533 622 559 827 559 827 390 827 390 0 4 0 3
 12615935 5 600 533 600 533 600 571 840 571 840 390 840 390 0 4 0 3
 12615935 5 580 533 580 533 580 587 892 587 892 390 892 390 0 4 0 3
 255 5 294 195 294 195 294 60 294 60 241 60 241 60 0 3 0 5
 65280 5 404 488 404 488 404 390 404 390 437 390 437 390 0 7 0 3
 65280 5 385 488 385 488 385 390 385 390 424 390 424 390 0 7 0 3
 65280 5 411 390 411 390 357 390 357 488 366 488 366 488 0 3 0 7
 65280 5 347 488 347 488 347 390 347 390 398 390 398 390 0 7 0 3
2
 7181 1 24 366 299 5 0 0 7236 3
 7047 1 16 821 299 5 0 0 7236 3
