Version 0.9.7
5
 4 10 175 77 128 0 1
 5 80 400 206 81 2 2
 0 140 147 877 276 8 3
 1 143 32 206 81 140 4
 3 159 441 203 58 150 5
 0
22
 255 5 71 202 71 202 96 202 96 174 193 174 193 174 0 1 0 3
 255 5 71 189 71 189 71 43 71 43 158 43 158 43 0 1 0 4
 255 5 271 174 271 174 271 174 271 213 271 213 271 213 0 3 0 3
 0 5 71 249 71 249 109 249 109 101 158 101 158 101 0 1 0 4
 0 5 71 275 71 275 97 275 97 395 193 395 193 395 0 1 0 3
 0 5 71 288 71 288 71 478 71 478 170 478 170 478 0 1 0 5
 0 5 284 356 284 356 284 356 284 395 284 395 284 395 0 3 0 3
 0 5 310 356 310 356 310 356 310 395 310 395 310 395 0 3 0 3
 0 5 362 356 362 356 362 356 362 395 362 395 362 395 0 3 0 3
 255 5 297 317 297 317 297 317 297 408 297 408 297 408 0 3 0 3
 255 5 492 174 492 174 499 174 499 408 505 408 505 408 0 3 0 3
 8388672 5 323 356 323 356 318 356 318 485 305 485 305 485 0 3 0 5
 8388672 5 336 356 336 356 336 485 336 485 325 485 325 485 0 3 0 5
 8388672 5 349 356 349 356 356 356 356 485 345 485 345 485 0 3 0 5
 4227327 5 199 69 189 69 189 219 284 219 284 213 284 213 0 4 0 3
 4227327 5 218 69 209 69 209 141 310 141 310 213 310 213 0 4 0 3
 4227327 5 237 69 227 69 227 152 323 152 323 213 323 213 0 4 0 3
 4227327 5 256 69 247 69 247 231 349 231 349 252 349 252 0 4 0 3
 65535 5 271 317 271 317 285 317 285 69 275 69 275 69 0 3 0 4
 65535 5 297 213 297 213 304 213 304 69 294 69 294 69 0 3 0 4
 65535 5 336 213 336 213 345 213 345 68 313 68 313 69 0 3 0 4
 65535 5 332 56 332 56 362 56 362 56 362 213 362 213 0 4 0 3
1
 7085 1 16 265 265 5 0 0 14880 3
