Version 0.9.7
5
 4 10 175 77 128 0 1
 5 80 400 206 81 2 2
 0 110 110 877 276 8 3
 1 400 19 206 81 140 4
 3 400 433 203 58 150 5
 0
23
 255 5 71 189 71 189 71 189 71 137 163 137 163 137 0 1 0 3
 0 5 71 288 71 288 71 371 71 371 163 371 163 371 0 1 0 3
 0 5 189 371 189 371 189 371 189 124 189 124 189 124 0 3 0 3
 255 5 415 30 415 30 371 30 371 30 371 137 371 137 0 4 0 3
 0 5 415 88 415 88 415 124 415 124 423 124 423 124 0 4 0 3
 0 5 411 470 411 470 384 470 384 470 384 371 384 371 0 5 0 3
 255 5 488 319 488 319 488 319 488 358 488 358 488 358 0 3 0 3
 255 5 215 137 215 137 215 137 215 358 215 358 215 358 0 3 0 3
 0 5 488 176 488 176 488 176 488 124 488 124 488 124 0 3 0 3
 16777088 5 514 176 514 176 614 176 614 56 589 56 589 56 0 3 0 4
 16777088 5 527 280 527 281 631 281 631 49 570 49 570 56 0 3 0 4
 16777088 5 462 293 462 293 645 293 645 43 551 43 551 56 0 3 0 4
 16777088 5 436 306 436 306 663 306 663 36 532 36 532 56 0 3 0 4
 12615808 5 501 176 501 176 505 176 505 56 513 56 513 56 0 3 0 4
 12615808 5 514 280 514 287 391 287 391 56 494 56 494 56 0 3 0 4
 12615808 5 475 280 475 280 398 280 398 43 475 43 475 43 0 3 0 4
 12615808 5 436 215 436 215 436 30 436 30 456 30 456 30 0 3 0 4
 8454016 5 462 215 462 215 347 215 347 501 506 501 506 477 0 3 0 5
 8454143 5 527 215 527 215 608 215 608 477 586 477 586 477 0 3 0 5
 8454143 5 501 280 501 318 577 318 577 477 566 477 566 477 0 3 0 5
 8454143 5 449 319 449 337 558 337 558 477 546 477 546 477 0 3 0 5
 8454143 5 449 202 449 202 537 202 537 477 526 477 526 477 0 3 0 5
 0 5 475 189 475 189 475 189 488 189 488 189 488 189 0 3 0 3
1
 7083 1 16 430 228 5 0 0 14880 3
